67
14 18 146 293
38 6 98 156
22 6 99 259
2 17 7 11
45 41 1472 1590
28 33 337 507
2 27 16 34
39 8 59 161
49 44 304 774
30 30 899 2509
20 4 43 122
39 33 718 1207
42 46 1233 2428
8 29 19 58
34 43 856 1286
21 3 35 92
30 19 468 548
5 2 8 11
14 20 31 63
30 23 131 263
5 14 10 31
48 9 246 427
24 46 592 1037
27 14 320 701
30 17 240 494
34 14 103 106
37 39 105 291
32 1 20 53
2 30 3 6
31 13 167 306
41 1 8 23
17 20 46 96
38 28 784 1583
34 19 582 1688
30 18 399 570
32 19 189 245
27 17 275 415
1 18 5 15
22 38 661 790
5 28 60 95
14 36 244 575
22 48 648 1237
42 13 507 1037
24 32 229 365
32 14 199 418
47 31 442 874
7 1 5 16
10 12 53 61
45 1 41 70
10 4 29 47
46 48 2043 3249
21 5 82 93
22 32 73 80
6 1 0 0
13 33 317 599
29 42 889 968
18 3 42 115
48 24 1032 2633
18 19 25 26
31 44 1183 1877
19 24 331 643
1 25 24 25
10 42 138 253
27 10 45 108
34 35 1021 1290
20 4 32 72
17 24 288 660
